1167,0,62,30;
187,2163,62,75;
209,1990,17,64;
887,54,29,30;
2103,411,86,48;
26,2127,47,96;
922,2028,73,73;
715,63,28,27;
379,1696,78,90;
2026,377,94,20;
0,1404,2,82;
2121,340,75,66;
575,396,91,6;
2536,1149,27,71;
232,2068,19,84;
2539,190,99,81;
740,1327,50,42;
269,36,2,43;
1534,804,95,39;
1962,457,71,9;
461,1095,17,77;
2127,1341,75,29;
2627,909,30,41;
1099,41,12,44;
479,1651,39,95;
219,1937,58,16;
98,1059,5,85;
260,1692,17,31;
2266,1303,64,69;
2149,1596,76,44;
1321,955,78,52;
1906,493,65,92;
916,58,18,30;
632,69,20,20;
1197,30,21,44;
1309,0,60,74;
462,1365,17,81;
394,1786,63,73;
520,1515,53,88;
712,1543,66,52;
187,1873,32,80;
2282,340,65,57;
1415,92,97,97;
2411,411,79,26;
256,1815,22,54;
2036,461,50,32;
922,2324,67,64;
26,2417,56,100;
575,402,94,6;
379,1880,41,95;
2061,493,57,86;
1207,2231,65,72;
2147,190,99,83;
748,74,24,12;
984,1336,15,82;
1077,1896,12,81;
1113,41,13,46;
2604,1149,42,47;
892,1517,22,71;
14,85,29,7;
1254,832,86,27;
364,2371,15,52;
873,393,64,16;
2462,1190,72,20;
88,0,90,24;
187,1953,64,18;
26,1841,69,97;
202,1714,48,5;
1429,391,59,19;
71,66,17,26;
2231,1184,28,49;
922,2291,68,33;
2196,340,86,64;
712,1489,65,54;
775,393,64,18;
892,1472,25,45;
1961,381,64,21;
256,1225,21,18;
379,1786,15,94;
1805,804,82,47;
2462,1149,74,41;
1126,75,2,11;
4,1156,22,98;
479,1840,40,84;
777,923,13,62;
520,1334,46,98;
1369,90,39,2;
801,53,13,34;
1166,848,78,15;
1178,783,87,14;
1871,1596,74,71;
1322,92,93,98;
776,2280,16,51;
2246,190,96,44;
2454,323,69,9;
1888,2346,77,63;
936,0,97,92;
187,2238,81,24;
226,1990,24,37;
420,1880,58,73;
24,284,1,92;
922,1985,59,43;
1071,393,66,16;
2406,1149,56,51;
0,1486,3,87;
2347,340,34,27;
2103,459,78,21;
2264,411,16,69;
4,1057,21,99;
95,1301,6,44;
1243,955,78,31;
273,627,9,63;
282,290,100,50;
22,771,3,75;
379,1975,79,81;
1894,459,52,16;
26,1741,42,100;
2127,1303,81,38;
966,1427,31,52;
1585,52,28,4;
1629,804,91,39;
1878,1196,53,29;
1266,251,98,17;
466,1179,11,78;
623,2181,13,57;
1888,2409,69,64;
892,1232,29,49;
251,2068,30,90;
1128,0,39,66;
379,1530,83,78;
2440,190,99,59;
1961,340,65,41;
2361,411,50,79;
4,1254,19,96;
286,189,55,1;
26,2031,61,96;
390,77,63,8;
219,1921,61,16;
68,1741,31,99;
2280,449,80,26;
712,1463,78,26;
89,2403,13,14;
202,1719,52,14;
1720,804,85,38;
892,1414,30,58;
520,1432,46,83;
1399,955,95,54;
479,2010,38,92;
1188,2231,19,100;
489,1746,22,93;
2330,1303,66,69;
1894,475,48,13;
551,45,22,1;
922,2239,56,52;
2563,1149,41,62;
792,1135,98,63;
2006,1596,89,46;
138,1152,40,4;
1379,2032,37,99;
2655,92,9,50;
187,1815,69,58;
2026,340,95,37;
261,1734,20,75;
1128,66,33,26;
2049,246,97,40;
1390,334,80,5;
342,2218,27,28;
479,1924,40,86;
1167,30,30,35;
2280,411,81,38;
26,2322,63,95;
202,1692,58,22;
18,671,6,96;
712,1386,68,77;
792,1068,85,67;
922,2157,39,82;
820,53,7,35;
2594,318,46,20;
1534,843,94,22;
461,69,16,17;
1971,493,90,83;
81,44,4,9;
439,864,40,72;
4,1350,17,99;
14,82,29,1;
892,1350,24,64;
78,38,3,5;
1962,466,54,19;
333,2425,40,33;
999,1068,92,73;
2189,454,64,39;
1111,41,2,42;
1598,56,17,33;
1763,0,92,75;
98,567,5,50;
1620,66,75,22;
379,1608,85,88;
2189,411,75,43;
712,1281,71,46;
219,1873,55,48;
1512,92,85,96;
4,1542,18,95;
103,1059,35,97;
187,1971,73,19;
14,66,56,16;
187,390,85,100;
479,1746,10,94;
520,1247,54,87;
1285,87,24,3;
0,1356,4,48;
922,1861,45,39;
282,2648,93,14;
1268,391,89,19;
2374,324,55,16;
1945,1596,61,60;
988,848,59,14;
1188,2053,48,92;
1161,66,6,24;
2338,1149,68,62;
792,1000,95,68;
1379,1874,43,82;
1069,259,98,30;
2342,190,98,69;
1077,955,79,51;
21,1876,5,38;
1033,0,66,82;
187,2068,45,95;
412,1365,50,79;
2036,411,67,50;
1878,340,83,65;
379,1452,86,78;
712,1327,28,59;
187,1990,22,68;
1089,82,8,9;
477,392,86,17;
2594,290,65,28;
964,1708,35,75;
1443,804,91,35;
922,2101,73,56;
1848,493,58,91;
892,1281,23,69;
1188,2145,70,86;
1195,65,2,11;
1097,1009,86,55;
1223,92,99,94;
704,63,11,29;
2208,1303,58,56;
520,1151,54,96;
152,2488,33,8;
1379,1956,61,76;
2071,187,36,2;
2095,1596,54,77;
1162,2541,25,78;
1888,2473,72,51;
1713,2391,48,70;
575,269,98,7;
588,0,65,69;
187,1519,25,66;
574,1765,20,74;
838,411,37,60;
2530,184,53,6;
1342,1390,35,75;
178,85,92,5;
256,1200,26,17;
1354,865,23,73;
18,1801,8,16;
2197,588,76,80;
485,46,94,41;
1791,1234,92,47;
740,475,94,14;
221,1462,41,56;
1660,190,99,88;
2462,1452,98,54;
1662,2276,46,63;
2295,1760,71,57;
2249,2302,100,64;
2091,1217,84,12;
2040,634,64,41;
26,1158,74,93;
75,664,27,99;
1258,2145,26,67;
21,1828,5,48;
1519,1812,24,71;
172,2584,14,30;
2315,2248,66,51;
458,2026,20,29;
1125,913,68,41;
574,588,62,96;
334,885,15,75;
891,290,30,49;
653,0,95,63;
282,1047,67,82;
2273,588,66,48;
594,1765,18,62;
2147,273,58,17;
175,24,1,32;
4,867,20,94;
949,411,53,66;
574,1839,45,25;
81,42,1,2;
2115,652,65,26;
1431,865,58,58;
2069,1234,91,50;
13,1990,10,17;
74,1059,24,96;
11,573,15,96;
0,1146,4,50;
2402,1499,56,45;
872,493,93,91;
1256,2430,23,70;
1994,1275,69,25;
2518,249,21,26;
1377,890,46,36;
873,340,98,53;
1660,278,99,7;
2560,1452,39,64;
1512,1894,26,51;
1287,1880,61,70;
2366,1760,100,62;
2381,2248,63,49;
212,1541,57,19;
187,1603,87,73;
269,976,13,62;
1131,421,49,71;
2139,164,14,24;
26,1644,57,97;
574,2181,34,60;
833,54,54,36;
479,929,23,84;
1124,92,99,97;
1212,411,86,80;
176,1835,8,72;
1220,865,41,83;
964,923,60,30;
1085,445,24,46;
76,38,2,6;
1178,493,62,85;
889,684,78,50;
321,1528,39,8;
1702,1234,89,55;
485,87,92,5;
512,1190,7,75;
1287,1648,87,87;
1856,190,96,65;
636,1204,65,68;
2547,1760,57,50;
90,633,9,26;
103,670,81,98;
262,1462,18,46;
1434,646,63,36;
67,1448,31,98;
1662,2376,38,51;
187,1734,74,81;
1002,411,58,61;
202,1676,38,16;
2339,614,81,45;
2432,588,85,95;
181,191,6,68;
1936,1234,58,61;
0,1285,4,71;
2049,190,98,56;
4,771,18,96;
965,493,74,85;
1031,92,93,94;
1787,783,88,11;
999,2644,59,18;
1031,189,89,1;
2462,1506,75,27;
2599,1452,50,60;
574,1925,17,72;
272,82,98,5;
286,188,56,1;
551,0,32,36;
1476,1303,93,72;
2388,1849,89,31;
252,1560,29,21;
1766,2514,39,62;
2196,2347,41,51;
1897,1423,55,26;
2054,2162,73,64;
1967,2613,68,50;
1977,188,79,2;
2148,41,2,32;
2249,2450,78,64;
187,1462,34,57;
789,493,83,85;
0,66,14,20;
875,411,74,67;
1262,1964,24,72;
2402,1452,60,47;
2115,588,82,64;
458,2556,19,67;
777,88,24,3;
250,1418,31,31;
1309,91,33,1;
574,1705,44,60;
1125,865,95,48;
479,754,35,86;
2466,1760,81,54;
1287,1735,74,73;
1938,1498,86,42;
597,1562,34,63;
1991,1814,84,28;
1966,89,23,3;
520,686,42,91;
2145,2529,35,89;
615,467,49,25;
842,2514,47,44;
1662,2339,41,37;
2249,2366,66,84;
2551,2210,88,25;
2349,2512,62,82;
1165,2097,23,61;
2425,2375,80,61;
2627,2302,35,60;
82,2496,19,10;
4,92,22,95;
0,0,88,38;
97,1938,6,54;
187,1585,88,18;
487,661,18,84;
212,1519,67,22;
26,862,72,98;
612,1765,15,70;
282,190,97,100;
178,1225,8,23;
1060,411,71,34;
875,478,71,14;
248,1398,28,20;
1039,493,81,87;
574,1864,48,61;
1759,190,97,51;
178,1156,9,69;
171,2625,12,37;
86,1044,17,14;
254,90,12,2;
1287,1561,71,87;
333,2364,43,7;
2247,1452,66,90;
1368,403,58,8;
846,92,90,96;
2339,588,93,26;
892,865,72,90;
1002,472,48,21;
274,2543,8,30;
2213,1760,82,87;
21,1412,4,30;
1617,1234,85,52;
584,0,4,92;
187,1676,15,58;
1060,445,25,47;
0,92,4,96;
1994,1234,75,41;
936,92,95,98;
574,2070,50,70;
1759,241,97,43;
485,0,66,40;
2517,630,71,39;
1131,411,81,10;
478,272,96,17;
1512,188,77,2;
212,1560,40,19;
76,472,23,94;
1120,493,58,85;
26,1059,48,99;
1302,865,52,60;
2269,1216,69,17;
795,684,94,21;
450,2322,20,30;
479,840,36,89;
623,1345,13,61;
229,91,22,1;
1379,1452,94,88;
1287,1808,36,72;
2087,334,59,5;
520,777,47,100;
0,1196,4,89;
2313,1452,89,74;
1952,190,97,74;
1807,284,49,6;
1697,0,66,63;
1414,83,23,3;
382,290,99,46;
187,2262,48,15;
226,2027,19,41;
574,2501,57,30;
249,2163,15,44;
1308,684,80,63;
1298,411,94,33;
1538,56,60,35;
2583,184,38,5;
674,478,62,12;
2266,1009,77,50;
579,336,76,4;
1883,1234,53,46;
1570,1544,88,52;
1621,2533,41,35;
0,1573,4,79;
1821,1941,61,43;
1031,922,90,32;
22,2156,4,71;
2444,2248,90,47;
1629,843,84,22;
505,661,15,89;
98,1448,5,47;
2604,1760,57,66;
1366,288,49,2;
1180,421,28,51;
515,840,4,86;
130,768,54,98;
1759,675,88,9;
636,1526,66,41;
360,87,8,4;
282,885,20,80;
2339,130,8,47;
2,1404,2,38;
574,1001,59,59;
520,2410,52,90;
892,1853,19,60;
675,340,100,60;
1341,588,93,73;
778,290,25,43;
379,507,98,77;
1310,1009,93,59;
999,1683,81,73;
1169,273,97,6;
0,1817,2,88;
1188,2430,68,74;
2057,955,86,34;
26,282,70,95;
1277,1068,96,80;
2307,267,34,23;
1379,2211,87,82;
644,276,30,13;
1034,1519,57,77;
2394,259,34,30;
1037,1362,32,60;
99,1741,4,37;
2491,1303,91,66;
1888,2524,70,62;
1588,987,87,22;
2146,1932,80,49;
187,92,99,98;
774,286,76,4;
282,641,48,96;
679,290,99,46;
520,2180,49,94;
256,2366,25,49;
125,24,50,59;
26,960,60,99;
479,2563,35,82;
2655,142,9,45;
187,2577,59,67;
936,617,76,19;
20,473,5,100;
1366,253,98,35;
574,843,60,26;
961,2157,31,75;
502,1013,18,44;
892,1588,29,61;
999,1141,90,66;
2494,927,65,22;
922,2388,62,62;
1830,1200,48,34;
2244,846,54,15;
2604,1196,59,32;
1296,576,59,11;
461,2635,18,27;
1494,955,94,27;
1034,588,71,95;
1188,2366,52,64;
51,1447,41,1;
1379,2131,82,80;
1301,335,51,5;
237,2518,37,21;
1245,1869,31,63;
803,290,88,34;
2,1817,2,76;
3,1486,1,83;
1562,276,98,9;
2539,271,32,18;
520,2274,49,28;
364,641,9,87;
282,965,76,82;
625,1434,9,43;
187,627,64,100;
43,84,16,1;
302,885,32,66;
775,340,98,53;
892,1804,23,49;
937,393,34,18;
1169,279,83,5;
1105,588,78,89;
1220,1009,90,58;
936,636,64,47;
1910,67,3,22;
999,1608,68,75;
1188,2331,69,35;
1207,2303,67,27;
2396,1303,95,32;
1994,955,63,32;
237,1122,40,2;
2071,851,49,12;
321,830,57,53;
1244,1596,31,56;
2295,1596,71,57;
574,869,58,79;
274,1603,7,66;
263,2543,11,34;
282,1216,87,90;
961,290,24,31;
712,1850,48,69;
372,92,97,98;
966,1479,32,33;
575,286,47,2;
803,324,84,15;
999,1362,38,78;
1287,1234,62,69;
1379,2293,74,89;
0,1941,3,30;
272,0,99,42;
1697,1377,68,75;
349,1047,29,71;
1770,955,62,44;
2560,1596,60,74;
1713,1674,63,86;
1511,87,20,5;
1079,839,83,26;
168,949,13,13;
2335,804,100,34;
373,641,6,77;
564,2358,10,50;
792,1507,96,76;
26,2663,38,1;
2246,274,48,11;
1967,2062,83,85;
2461,1639,64,35;
1091,1068,93,81;
2571,271,34,18;
2054,1989,93,82;
649,493,85,92;
740,411,98,64;
936,588,98,29;
999,1273,87,89;
520,2134,54,46;
2576,566,76,18;
2440,286,69,4;
846,642,69,41;
574,780,58,63;
2508,550,56,31;
246,2577,35,86;
922,2545,71,86;
428,88,15,2;
2462,1210,74,22;
479,2525,35,38;
1188,2546,46,72;
156,2408,30,10;
1563,1377,50,39;
1759,63,4,23;
490,617,29,34;
2143,1849,85,33;
479,661,8,93;
1821,2521,57,62;
2337,2071,86,36;
1675,955,95,46;
173,2108,13,21;
2461,1596,99,43;
1579,936,70,18;
1494,982,92,16;
2249,2561,84,37;
2249,2627,90,36;
2505,2375,60,58;
520,2302,27,56;
238,2543,25,22;
282,737,88,93;
368,2248,11,53;
1856,255,90,19;
1184,1068,93,71;
2442,68,5,19;
2246,285,47,3;
271,36,1,42;
187,2644,52,4;
1183,588,75,70;
999,1440,76,79;
892,1649,19,56;
181,576,6,72;
250,1449,32,11;
379,411,100,96;
1349,1234,95,67;
2225,1596,70,63;
212,1579,36,6;
1287,1303,92,87;
1183,1009,37,55;
330,641,34,93;
508,2189,11,68;
2456,925,35,26;
1069,1362,18,74;
2246,234,61,40;
575,276,69,10;
1832,955,82,50;
1240,2366,44,46;
967,1861,32,34;
1137,393,29,17;
1091,1149,97,94;
282,830,39,55;
2440,249,78,37;
520,2500,36,84;
1434,588,64,58;
999,1207,81,66;
1613,1377,84,65;
138,1059,45,93;
2307,234,23,33;
873,279,80,7;
374,1306,5,58;
1588,955,87,32;
103,1156,75,99;
574,1060,62,80;
922,2450,70,95;
2342,259,52,30;
187,2648,39,8;
674,285,84,3;
1952,264,88,24;
2638,190,18,76;
1258,636,76,39;
1236,2053,31,84;
3,763,1,61;
2081,1343,45,33;
1713,2461,49,72;
838,471,37,13;
2366,1596,95,52;
567,777,6,95;
0,1746,4,71;
1821,2461,62,60;
98,2064,5,63;
1757,842,43,23;
271,926,10,42;
873,286,71,4;
4,473,16,100;
921,290,40,49;
1183,658,75,19;
1258,588,83,48;
282,1129,95,87;
574,948,56,53;
1856,274,80,7;
1511,84,25,3;
371,0,19,80;
368,2303,10,48;
88,24,11,60;
1914,955,80,30;
1188,2504,64,42;
520,2358,44,52;
547,2302,23,48;
999,1519,35,89;
1414,86,22,5;
2582,1303,72,67;
3,939,1,64;
2396,1335,85,39;
1805,851,50,13;
1713,2533,53,40;
2292,573,72,14;
922,2631,38,29;
1124,189,78,1;
2406,1200,47,31;
1036,397,34,12;
2123,1884,76,39;
349,885,24,68;
0,1905,4,36;
892,1705,21,99;
1855,0,59,67;
1296,493,79,83;
712,783,80,84;
1502,411,23,64;
512,1283,5,76;
2368,1234,60,41;
2212,85,22,7;
1697,63,18,22;
636,2473,50,52;
2566,728,83,38;
0,2318,4,75;
1866,865,72,54;
2199,1544,94,47;
1287,2200,32,77;
1763,75,71,16;
1713,2091,36,77;
2054,2299,46,82;
97,1992,6,38;
245,2325,37,6;
1888,2127,72,86;
479,1102,31,88;
1585,37,35,9;
269,1038,13,26;
1660,285,65,5;
1904,281,27,8;
2056,1932,90,49;
2196,2398,38,69;
4,1637,22,93;
2296,766,97,17;
1821,2248,56,74;
2,2234,1,55;
2299,783,69,15;
1914,0,85,89;
2566,766,96,11;
636,2525,50,33;
475,1271,4,77;
24,377,2,78;
342,2166,26,52;
2433,783,47,20;
1985,865,57,57;
282,2303,51,68;
792,783,100,21;
712,867,77,56;
477,69,3,23;
1287,2277,38,90;
2428,1234,100,21;
1120,578,50,10;
1570,2111,43,66;
1821,2164,56,84;
1067,1608,23,72;
2054,2518,65,58;
1521,333,40,7;
877,1852,15,87;
2349,2594,66,66;
2039,1884,84,41;
601,2291,35,16;
604,1535,27,17;
1319,2200,60,74;
1713,2022,49,41;
2425,2436,67,83;
2590,484,53,9;
2196,2467,53,55;
367,1609,9,60;
14,284,10,93;
237,1174,19,36;
98,862,5,90;
674,256,96,29;
187,1343,95,55;
1531,1149,50,67;
2393,684,94,87;
103,92,84,99;
2343,1544,66,40;
662,2193,42,43;
1715,63,26,28;
636,2270,54,83;
2042,865,59,29;
336,1946,34,63;
1570,2304,46,73;
1521,323,75,10;
1766,1947,55,75;
973,1801,26,53;
1888,2213,74,70;
1821,2322,60,49;
1713,2168,45,85;
1472,84,39,5;
1155,1677,30,79;
1218,51,11,23;
2054,2381,78,68;
1470,328,42,9;
2477,1849,66,35;
1466,190,96,99;
2296,701,86,65;
2249,2514,57,47;
1967,1989,87,73;
328,2029,48,52;
903,2481,17,78;
1999,0,44,54;
282,2083,36,78;
1350,74,13,14;
636,2193,26,77;
390,88,38,2;
2050,1544,74,38;
2592,1068,32,72;
2633,955,28,51;
1813,865,53,51;
1611,290,97,47;
4,377,10,96;
2511,1098,48,47;
286,92,86,94;
2296,684,97,17;
1562,285,96,5;
1855,67,36,13;
674,2057,30,28;
92,1625,9,16;
2205,736,79,46;
2295,1817,71,27;
1741,63,18,29;
1620,1819,35,60;
922,1244,52,92;
61,186,35,95;
282,2166,60,82;
2225,783,74,12;
357,1671,9,75;
562,734,9,43;
1888,1884,68,48;
1662,2532,43,35;
551,36,27,9;
1766,2613,45,39;
1842,330,60,7;
2151,0,61,83;
282,2514,50,54;
274,1873,7,43;
662,2236,40,31;
1357,1187,68,41;
2487,684,79,51;
1888,1932,79,51;
333,2371,31,54;
1927,290,70,14;
636,2353,69,56;
1427,1149,62,73;
1570,2177,76,56;
2368,783,65,21;
1005,306,12,34;
82,38,3,2;
2081,1808,62,30;
2624,1068,30,74;
2054,2226,89,73;
974,1244,23,53;
103,1446,84,95;
1665,452,6,41;
975,1198,21,46;
3,1652,1,87;
690,2270,22,58;
1821,1984,63,65;
2534,2248,74,54;
1415,189,90,1;
2577,1884,66,42;
969,286,88,2;
1627,1897,32,65;
103,1353,66,93;
2131,0,20,41;
282,2371,6,91;
636,2100,65,93;
1773,290,69,33;
1226,768,82,14;
2205,684,91,52;
684,1994,26,28;
1999,67,35,19;
2043,61,73,27;
1938,865,47,81;
274,1125,8,38;
1489,1149,42,47;
1570,2233,46,71;
76,63,10,2;
333,2303,35,53;
2293,1544,50,52;
674,2028,33,29;
612,2574,20,29;
4,1730,14,98;
1821,2092,56,72;
1478,758,86,24;
361,2083,14,67;
2100,2299,41,75;
1956,1884,83,47;
2054,2449,47,69;
1961,402,62,7;
2466,1814,58,35;
1164,1417,24,76;
2196,2522,43,47;
1888,2046,78,81;
277,290,5,100;
588,89,36,3;
1997,290,90,22;
282,2568,81,80;
370,1946,8,61;
2566,684,89,44;
636,2409,35,64;
88,84,8,8;
961,321,24,16;
3,2234,1,51;
1927,304,25,31;
2101,865,87,53;
103,1255,49,98;
564,1689,10,66;
701,2100,11,82;
1762,756,77,26;
1266,286,98,2;
1158,2275,27,87;
1268,340,100,51;
780,1386,12,76;
2042,894,23,46;
1357,1149,70,38;
1766,1897,55,50;
178,91,51,1;
1662,1596,93,78;
922,1427,44,95;
2124,1544,75,33;
379,672,50,97;
32,83,9,2;
1570,2029,64,82;
2054,2576,48,62;
1813,916,45,31;
2480,783,69,12;
1188,1409,60,90;
2043,0,88,61;
288,2371,45,73;
636,2028,38,72;
922,1336,62,91;
967,775,92,7;
1091,2627,66,32;
368,1804,9,74;
1570,1970,60,59;
1842,290,85,40;
1999,54,23,13;
1287,1149,70,80;
1855,80,44,5;
1142,2451,43,46;
2021,712,93,48;
1759,284,48,6;
2559,1098,29,49;
182,384,5,67;
2599,1512,56,31;
0,2234,2,84;
1967,1932,89,57;
1888,1983,75,63;
892,1052,21,91;
1821,2049,67,43;
99,83,25,4;
282,2462,95,52;
2114,684,91,79;
1188,1321,96,88;
2366,1822,72,25;
1866,919,72,36;
1662,2567,46,63;
2240,2071,97,51;
1773,323,28,16;
187,1067,50,58;
1432,411,70,74;
636,1941,35,53;
1921,1009,68,38;
479,1013,23,89;
575,241,96,28;
3,366,1,79;
1937,610,12,72;
2081,1760,64,48;
87,2031,12,33;
2183,83,26,9;
969,190,100,56;
2530,180,94,4;
0,842,2,97;
26,2660,49,3;
1899,1821,73,28;
272,390,10,98;
1298,461,54,26;
251,808,25,36;
1744,626,14,53;
701,1272,10,98;
892,2354,16,65;
627,1765,9,70;
82,2472,20,24;
92,1548,9,77;
2491,158,29,17;
103,2651,34,11;
0,2098,2,89;
1633,2568,27,68;
1308,747,79,34;
1747,1068,75,80;
103,285,78,99;
187,868,58,58;
636,1868,53,43;
1091,1677,64,84;
1854,1009,67,33;
1849,684,90,74;
1766,2291,49,85;
2145,2330,32,93;
286,186,77,1;
1473,2446,62,98;
1688,1068,59,66;
1967,2554,62,59;
2439,158,52,31;
2482,2157,69,81;
138,2625,33,26;
86,960,17,84;
2196,2248,53,99;
251,627,22,82;
1938,1452,89,46;
14,2558,11,38;
774,190,99,96;
2349,2375,76,76;
370,737,9,72;
236,727,46,48;
321,1467,40,61;
2347,172,75,8;
2057,989,64,20;
2486,1884,91,37;
887,84,17,8;
565,1603,9,74;
2143,987,67,22;
2259,2196,81,47;
2623,84,34,6;
187,976,82,91;
674,203,100,53;
636,1911,68,30;
282,1467,39,73;
1000,636,32,36;
681,1656,22,74;
2207,1009,59,58;
160,2331,24,10;
684,1780,24,82;
1101,290,51,47;
971,340,100,57;
1064,2233,26,91;
168,867,19,48;
1473,2544,61,36;
1766,2460,49,54;
2145,2475,51,54;
1995,1068,70,77;
1061,2490,30,86;
2576,1989,65,79;
1939,684,82,44;
1857,1505,74,31;
2157,183,91,7;
2027,1452,87,76;
60,82,9,3;
1438,1540,32,65;
1091,1930,73,83;
1994,987,47,17;
2315,2366,34,68;
2145,2071,95,86;
2025,783,43,18;
369,63,2,16;
2249,2248,66,54;
237,1125,37,39;
187,1225,69,27;
237,1089,43,33;
377,87,13,5;
20,2277,6,41;
1169,190,97,83;
89,2322,13,37;
672,1734,36,43;
1939,728,81,45;
2021,684,93,28;
282,1671,18,76;
2273,672,61,11;
636,1994,48,34;
1822,1068,82,78;
2188,1452,59,70;
469,188,67,1;
1091,1844,92,86;
892,2419,23,62;
2502,1989,74,62;
2051,1009,83,36;
2551,2157,83,53;
671,1941,34,50;
1440,1956,26,74;
2145,2423,40,52;
3,681,1,81;
2572,1932,87,50;
1766,2376,38,84;
748,86,19,4;
2547,2302,80,52;
1473,2614,61,30;
625,1630,11,72;
1052,2411,32,73;
187,1252,59,66;
1688,185,72,5;
3,453,1,59;
1266,190,100,61;
1473,2342,51,64;
1091,1593,73,84;
1019,290,82,38;
1766,2134,49,65;
636,1656,45,78;
2491,175,39,13;
1617,1068,71,77;
1805,1009,49,51;
889,734,77,41;
2145,2245,40,85;
111,87,13,5;
2196,2569,43,65;
2547,1393,50,34;
446,85,6,6;
2270,1884,74,43;
0,1010,4,60;
480,83,4,9;
1572,684,95,97;
2347,180,41,10;
2547,1810,55,30;
282,1392,84,75;
2337,2107,50,49;
1478,718,81,21;
2346,2157,54,68;
2406,2302,76,41;
251,709,23,18;
965,578,63,10;
0,1971,3,49;
187,926,65,50;
156,2396,31,12;
2657,56,7,20;
873,190,96,89;
1763,91,58,1;
892,955,30,97;
964,865,67,58;
792,2589,79,51;
1390,290,80,25;
282,1891,95,55;
236,775,36,33;
379,584,99,88;
2134,1009,73,31;
2530,173,95,7;
2597,1393,59,50;
1857,1452,81,53;
2485,1932,87,55;
2326,1849,62,35;
82,2517,21,90;
245,868,35,57;
2587,2071,51,56;
2249,2598,81,29;
1904,1068,91,73;
1473,2406,68,40;
1712,783,75,15;
2240,2122,94,25;
96,186,7,95;
2656,190,6,61;
892,2481,11,100;
1967,2435,83,59;
2344,1884,66,46;
2102,2576,36,81;
187,1318,90,25;
1285,0,24,87;
772,74,4,10;
282,1306,78,86;
1579,1234,38,65;
1366,190,100,63;
1762,684,87,72;
246,1252,31,65;
237,1164,35,10;
636,1780,48,88;
0,939,3,71;
985,290,34,16;
612,2531,24,43;
1989,1054,60,14;
1478,748,91,10;
1287,1472,92,89;
1379,1377,96,75;
1263,1499,24,80;
1234,2624,51,28;
1662,2195,43,81;
1967,2494,58,60;
1856,281,48,9;
2413,1989,89,62;
2411,2157,71,70;
2438,42,10,17;
144,2284,32,5;
2145,1760,68,57;
846,188,60,2;
2349,2451,62,61;
89,2359,9,44;
2410,1884,76,45;
177,56,1,17;
168,915,18,34;
237,1067,42,22;
1229,0,56,79;
26,2223,76,99;
1091,1761,76,83;
1069,190,100,69;
130,2212,41,8;
358,965,20,51;
636,1734,36,46;
1126,41,2,34;
187,1125,50,100;
1989,1009,62,45;
1473,2580,66,34;
251,844,26,21;
1667,684,95,75;
95,1251,8,50;
1379,2629,51,33;
2114,1452,74,89;
1766,2199,53,92;
169,1353,17,74;
2205,273,40,11;
2659,0,4,49;
1545,1544,25,97;
96,282,6,89;
2410,1932,75,50;
286,187,59,1;
969,246,97,40;
87,2064,11,59;
1478,739,92,9;
252,926,19,49;
2482,2302,65,54;
2325,1989,88,58;
103,2496,49,77;
1977,167,93,21;
1575,595,75,86;
1369,23,68,60;
574,1278,50,67;
1356,783,93,19;
2642,493,20,42;
712,2501,50,74;
175,56,1,23;
2086,461,14,29;
604,1227,32,42;
428,90,7,2;
999,2333,51,78;
2504,1674,73,64;
479,2645,34,19;
272,775,9,26;
1473,1812,46,82;
1987,837,82,26;
152,2418,30,70;
2416,985,59,24;
1967,2359,61,76;
1229,79,38,13;
1662,1995,45,46;
2354,1707,67,52;
502,974,12,33;
2546,955,55,42;
26,92,77,94;
4,2523,10,84;
2510,2071,77,74;
1766,2067,51,67;
1971,576,90,5;
1626,2377,36,55;
103,2584,35,67;
520,2584,38,76;
128,2385,58,11;
187,727,49,81;
2306,1377,83,45;
1223,186,95,2;
1031,186,89,3;
2620,804,37,45;
574,1140,58,87;
792,2213,19,91;
1634,2029,26,75;
1498,588,77,96;
1597,189,84,1;
999,2490,62,92;
83,1644,20,97;
2444,1674,60,59;
2631,411,24,28;
2601,955,32,44;
1466,1031,70,34;
651,189,91,1;
371,80,6,12;
1545,1641,24,50;
2268,1727,76,30;
1821,2583,65,63;
90,567,8,66;
43,82,17,2;
17,2607,8,54;
767,1648,24,46;
0,86,13,6;
762,2501,24,72;
1437,2553,22,78;
81,38,1,4;
1620,0,77,66;
103,963,84,96;
1538,37,47,19;
574,1434,32,63;
1570,1068,47,61;
1091,1504,70,89;
125,90,34,1;
1473,2250,50,92;
792,2365,53,62;
1671,626,73,58;
1127,1327,54,90;
1759,588,97,22;
1753,1009,52,42;
856,2213,35,40;
892,2304,22,50;
510,1102,8,73;
4,284,10,93;
866,2471,22,37;
76,58,10,5;
1442,52,16,31;
740,1369,38,17;
1546,783,85,19;
2547,1377,95,16;
1545,1691,24,74;
2512,1413,35,34;
1167,80,23,11;
1050,2333,38,68;
0,188,2,95;
1369,83,45,5;
1662,2137,39,58;
1713,1936,53,41;
762,2343,24,25;
811,2264,26,24;
574,1562,23,68;
1218,30,9,21;
1460,0,12,85;
1354,481,34,12;
2512,1377,35,36;
1759,625,90,30;
18,187,8,96;
1956,588,84,90;
2438,575,48,13;
26,377,62,95;
792,2427,74,87;
734,493,55,93;
457,1761,22,24;
520,586,51,100;
774,2081,17,42;
1091,1243,46,84;
845,2365,38,56;
183,1059,4,86;
2268,1674,86,53;
1309,74,41,17;
178,0,94,36;
1764,1351,60,24;
2321,1932,89,57;
1856,610,81,71;
2199,1884,71,48;
827,53,3,36;
715,90,10,2;
1188,1149,99,85;
2171,1722,82,32;
2259,2157,87,39;
1473,2167,56,83;
1538,0,82,37;
379,190,99,100;
2518,275,21,13;
70,66,1,11;
1605,576,85,9;
999,2411,53,79;
1952,288,77,2;
1759,610,79,15;
574,1497,30,65;
103,867,65,96;
514,754,5,83;
1856,588,100,22;
792,2073,82,95;
1373,1068,99,80;
1473,1894,39,89;
1821,1849,67,92;
1466,1009,94,22;
2228,1377,78,66;
2354,1674,90,33;
1706,1452,74,87;
2393,771,79,12;
1442,23,8,29;
1443,839,85,23;
14,83,18,1;
606,1434,19,63;
485,40,41,6;
1463,577,52,11;
1180,472,31,16;
2235,1989,90,80;
2054,2071,91,91;
502,1057,17,39;
2155,1377,73,61;
574,1227,30,51;
1341,661,68,17;
1758,402,44,7;
712,2575,59,89;
892,2152,23,80;
752,2375,40,42;
1575,588,96,7;
1560,1009,79,31;
26,2517,56,98;
759,2251,27,24;
1519,1234,60,61;
556,2500,16,68;
679,336,67,3;
2095,1377,60,57;
235,2273,34,4;
686,2525,23,30;
792,2168,93,45;
2171,1674,97,48;
1287,1390,55,82;
1252,2504,31,41;
1473,1724,68,88;
1967,2220,68,79;
2098,1719,61,31;
2349,2302,57,73;
1033,82,36,10;
73,2127,27,95;
1622,1452,84,92;
1379,1303,97,74;
1099,85,11,5;
43,85,17,6;
1821,1760,78,89;
2196,2157,63,91;
1437,23,5,64;
472,2224,7,57;
103,768,27,99;
1472,0,66,84;
1671,588,88,38;
999,2582,61,62;
1560,1040,65,27;
125,83,45,7;
453,77,8,13;
187,290,90,100;
574,1345,49,89;
811,2213,45,51;
792,2304,100,61;
1639,1009,51,58;
2389,1377,69,54;
671,2456,32,16;
1662,2041,40,43;
390,85,56,3;
1091,1327,36,90;
2083,88,29,4;
1137,1243,41,83;
1449,783,97,17;
1197,74,32,18;
2228,1849,98,29;
2306,1422,72,30;
2378,573,43,13;
2539,1569,83,27;
1899,1760,92,61;
1473,1983,71,92;
892,2232,29,37;
2577,1674,62,86;
1630,1970,31,57;
1369,0,91,23;
2040,588,75,46;
604,1497,29,38;
574,1630,51,75;
789,578,72,10;
1472,1068,98,62;
2458,1377,54,53;
1759,655,96,20;
558,2584,16,55;
866,2427,26,44;
792,2514,50,75;
1690,1009,63,50;
2366,1648,81,25;
837,2264,31,31;
4,1449,22,93;
1991,1760,90,54;
1091,1417,73,87;
1780,1452,77,78;
1473,2075,56,92;
1167,65,20,15;
174,2367,13,16;
1188,1234,99,87;
892,2269,27,35;
1535,405,83,6;
2368,1275,48,25;
771,2575,20,67;
1662,2084,50,53;
1631,783,81,12;
960,2631,35,25;
623,1406,13,28;
511,2282,9,76;
1967,2299,67,60;
187,490,88,92;
128,2343,48,24;
575,190,99,51;
282,1609,25,62;
4,2483,16,40;
103,2418,49,78;
1152,310,15,29;
636,1441,64,64;
76,2647,27,15;
1138,684,88,92;
1215,290,86,44;
1031,865,94,57;
2273,636,64,36;
2022,54,12,12;
574,2388,59,95;
360,1306,14,73;
2343,1009,54,34;
1825,1544,90,38;
2065,1068,83,76;
922,955,77,98;
1570,1760,84,59;
144,2263,35,21;
2638,266,21,19;
2034,67,6,23;
2,597,2,78;
934,58,2,22;
1091,2013,68,84;
1662,2427,47,44;
1766,2576,46,37;
2610,1849,39,35;
14,2394,8,29;
2655,340,9,46;
2531,0,80,84;
1301,290,51,45;
601,2241,31,50;
282,1747,84,57;
1167,310,43,24;
600,2307,29,67;
1226,684,82,84;
636,1505,69,21;
2143,41,5,37;
4,187,14,97;
300,1671,34,71;
562,686,11,48;
2281,69,19,17;
574,2483,54,18;
307,1609,28,51;
1549,865,30,80;
1161,1504,26,86;
2401,1068,50,65;
480,69,5,14;
1091,2451,51,90;
26,186,35,96;
1749,1544,76,32;
1287,1950,42,88;
369,1216,10,52;
1431,923,56,25;
2217,1234,53,52;
176,56,1,22;
2642,535,22,27;
2388,180,33,7;
1063,1756,26,71;
2625,1009,30,57;
1570,1674,81,86;
1615,56,4,29;
1597,92,91,19;
26,2615,71,32;
103,1835,73,93;
336,2083,25,75;
830,53,3,32;
358,1609,9,61;
2611,0,12,86;
2450,73,63,13;
148,1541,26,93;
2422,172,17,16;
2390,9,40,52;
1708,290,65,44;
0,2187,2,47;
574,2241,27,66;
612,2140,24,31;
318,2083,14,69;
1377,865,54,25;
967,684,94,27;
2280,939,46,14;
636,1272,65,100;
1753,1051,46,15;
2197,668,66,12;
795,766,87,13;
618,1705,17,50;
282,2248,86,55;
3,1070,1,51;
2261,1068,90,79;
366,1671,6,71;
842,2558,43,27;
1091,2275,67,90;
922,1151,53,93;
2375,0,75,9;
282,1540,96,69;
2331,47,14,44;
2235,52,54,17;
2605,271,22,19;
795,705,85,61;
1152,290,63,20;
99,87,12,4;
2596,588,64,88;
1652,865,64,70;
1450,23,10,19;
1019,328,55,12;
574,2140,38,41;
2071,783,83,21;
636,1174,70,30;
868,2264,23,35;
2451,1068,60,54;
985,306,20,33;
1091,2541,71,86;
1287,2038,82,78;
792,2641,90,22;
169,1427,17,18;
1766,1854,54,43;
1975,783,50,11;
2270,1234,38,54;
2151,83,32,7;
1620,88,69,1;
1888,1849,84,35;
1060,2582,27,78;
1187,65,8,11;
1570,1596,92,78;
103,1636,83,100;
187,1398,61,20;
20,2483,6,35;
428,1257,40,14;
743,63,5,25;
1223,188,75,2;
1061,684,77,94;
2071,182,64,5;
636,1372,69,69;
1240,493,56,85;
636,588,78,96;
1392,411,40,73;
170,1928,16,52;
574,2307,26,81;
1261,865,41,72;
1298,444,56,17;
2397,1009,76,50;
2148,1068,58,62;
622,1864,14,54;
2517,669,71,11;
674,288,64,2;
922,1053,74,98;
618,1925,14,69;
2358,76,17,15;
967,711,89,64;
2160,1234,57,56;
390,90,35,2;
256,1174,19,26;
1109,445,19,47;
95,1841,7,90;
1791,1281,91,15;
1658,1544,91,52;
1091,2097,74,92;
2375,9,15,76;
2450,0,81,73;
282,2029,46,54;
1521,290,90,33;
2154,783,71,20;
1388,684,90,20;
2345,47,13,45;
152,1255,35,95;
636,1567,67,16;
562,967,10,89;
878,1270,12,84;
574,2531,25,84;
1170,340,98,55;
98,1495,5,50;
1716,865,97,82;
2235,69,46,18;
103,1736,83,99;
334,1671,23,70;
2351,1068,50,74;
2116,61,11,26;
2,2098,2,84;
1329,1950,43,85;
608,2181,15,50;
1570,1819,50,78;
2561,1009,64,56;
1091,2365,92,86;
1377,926,53,25;
1915,1544,95,16;
1662,2471,43,61;
1287,2116,79,84;
2473,1028,74,28;
874,2073,18,68;
1855,85,36,7;
2301,0,30,92;
2212,24,75,28;
1470,290,51,38;
282,1946,54,83;
636,1583,57,73;
1675,396,28,14;
1388,704,79,77;
361,1467,14,73;
1390,315,79,19;
1834,75,20,15;
2131,41,12,37;
1579,865,73,71;
1650,595,18,89;
1478,684,94,34;
2511,1068,81,30;
1472,1130,96,19;
574,2615,44,47;
599,2531,13,64;
1193,913,27,39;
99,1778,4,49;
1915,1560,95,25;
975,1151,24,47;
1570,1897,57,73;
1585,46,31,6;
1854,1042,49,18;
1688,1134,55,14;
2308,1234,60,61;
564,1062,9,55;
2010,1544,40,41;
1972,1849,96,35;
1713,1977,52,45;
0,38,76,28;
2331,0,44,47;
178,36,91,49;
282,1804,86,87;
366,1392,13,53;
1489,865,60,79;
2517,588,79,42;
1302,925,52,28;
2212,52,23,33;
574,1997,58,73;
1352,290,38,39;
171,2090,16,18;
335,1609,23,53;
170,83,8,8;
99,24,26,59;
103,1541,45,95;
636,1077,71,97;
187,190,95,100;
2339,659,78,16;
1875,783,100,16;
349,953,30,12;
1169,284,75,5;
2134,1040,73,26;
2473,1009,88,19;
377,80,12,7;
0,2020,4,78;
2206,1068,55,61;
2051,1045,83,18;
1091,2189,71,86;
591,1925,27,62;
892,2581,30,55;
1071,340,99,53;
1811,340,67,67;
2527,290,67,46;
473,769,6,80;
2189,326,38,12;
453,1271,22,77;
712,923,65,74;
1580,452,85,41;
2280,865,54,74;
1674,411,76,54;
379,1365,33,87;
1997,327,25,13;
1544,493,61,87;
636,2593,65,42;
1525,448,51,39;
26,1349,25,99;
656,428,18,36;
332,2514,34,54;
103,384,79,94;
2281,322,51,18;
1287,2571,31,77;
465,936,12,77;
1616,2233,40,53;
1720,842,37,23;
0,2591,1,70;
170,1980,13,10;
2101,918,68,26;
413,2397,39,15;
801,87,11,3;
479,1373,36,88;
1570,2491,43,76;
889,804,99,22;
839,393,31,10;
1099,0,29,41;
2029,312,56,14;
1535,340,85,65;
26,1938,71,93;
671,2409,39,47;
379,1015,20,80;
130,866,47,1;
636,781,73,97;
76,44,5,14;
14,2379,10,14;
1972,315,22,14;
1750,411,88,57;
1674,465,69,28;
636,2558,43,35;
2188,865,39,45;
792,804,97,61;
1581,1149,96,60;
2087,323,76,11;
82,2506,19,10;
520,967,42,95;
782,588,64,96;
892,783,99,18;
922,1522,76,91;
1188,1499,75,97;
1605,493,89,83;
814,53,6,39;
1352,329,38,11;
588,69,44,20;
2428,1255,69,44;
2528,1234,72,53;
373,885,6,47;
0,2393,4,51;
187,1418,63,44;
429,672,22,90;
78,43,3,1;
1368,340,61,63;
0,1070,3,76;
1079,804,87,35;
712,1072,52,68;
922,1708,42,93;
272,87,88,5;
520,1062,44,89;
2087,290,87,33;
1838,411,56,50;
2334,897,57,54;
379,769,61,95;
469,189,65,1;
2494,865,65,62;
1215,334,82,5;
2640,318,22,17;
693,1583,19,45;
0,2444,4,93;
1677,1149,88,42;
479,1461,39,95;
2,842,2,65;
440,2495,34,20;
1952,304,44,11;
1159,2013,29,80;
99,472,4,65;
1562,190,98,86;
174,1541,12,86;
1694,493,86,91;
1142,2497,46,31;
1164,1593,23,57;
916,0,20,58;
1758,340,53,62;
777,53,24,35;
2454,290,73,33;
697,63,7,27;
51,1349,52,94;
1354,444,32,37;
904,84,12,4;
1525,411,55,37;
2334,865,71,32;
1878,1149,63,47;
277,1252,5,48;
2281,313,65,9;
792,865,100,71;
1849,758,85,24;
1318,2571,50,47;
26,1548,66,96;
1613,2111,34,59;
379,1271,74,94;
1276,79,2,11;
1348,1880,31,66;
714,588,68,96;
636,684,76,97;
988,804,91,44;
176,24,2,28;
479,1190,33,93;
428,1179,38,78;
577,87,6,4;
889,826,95,30;
1458,52,2,30;
1375,493,88,89;
103,576,78,94;
1997,312,32,15;
748,0,29,74;
1507,340,28,63;
632,89,18,3;
82,2607,21,8;
712,1252,78,29;
949,477,43,16;
922,1801,51,60;
2189,290,53,36;
379,936,48,79;
1962,411,74,46;
451,672,27,74;
1976,1149,43,67;
479,1556,36,95;
892,1143,29,89;
2559,909,68,41;
999,955,78,54;
1287,2534,79,37;
1713,2314,51,77;
1489,1196,41,37;
1162,2189,25,72;
366,1747,11,53;
2101,2449,41,55;
1780,493,68,87;
1343,804,100,52;
2473,1544,66,38;
1838,461,18,32;
2405,925,51,27;
2188,910,29,41;
689,1868,23,28;
1088,783,90,17;
566,1334,8,80;
1952,315,20,25;
1801,323,38,14;
653,63,44,29;
777,0,56,53;
372,1671,7,51;
363,2568,13,61;
461,2517,17,34;
712,997,79,75;
2174,290,15,45;
1429,340,78,51;
379,864,60,72;
1580,411,94,41;
991,783,97,18;
2549,783,98,20;
1463,493,81,84;
1830,1149,48,51;
686,2473,25,49;
26,1448,41,100;
1323,1808,41,66;
2487,735,74,43;
237,1210,19,12;
730,400,39,11;
2405,865,89,60;
1287,2426,79,55;
1667,759,93,18;
1570,2377,56,60;
1713,2253,50,61;
440,769,33,85;
969,288,74,2;
922,1613,69,95;
1164,1930,23,63;
2065,894,34,46;
833,0,83,54;
2281,290,93,23;
103,478,83,98;
1894,411,68,48;
712,1220,68,32;
1254,804,89,28;
159,90,7,2;
2559,865,97,44;
1620,340,83,56;
2029,326,49,14;
379,1095,82,84;
187,2656,35,8;
399,1015,78,72;
2242,290,28,45;
1941,1149,35,81;
579,46,5,37;
1569,1303,100,39;
559,481,52,11;
2600,1234,45,50;
0,2537,4,54;
1287,2367,80,59;
178,90,76,1;
2409,1544,64,47;
977,1900,16,68;
2021,772,53,11;
1750,468,84,22;
2114,763,82,16;
753,1140,32,68;
379,2651,43,13;
512,2102,8,58;
624,1278,11,59;
427,936,29,76;
182,2418,5,49;
379,1179,49,92;
712,1140,41,80;
2374,290,80,34;
1765,1149,65,48;
1703,340,55,52;
2021,760,84,12;
1166,804,88,44;
764,1072,23,46;
479,1283,33,90;
520,877,47,90;
2227,865,53,82;
1287,2481,58,53;
1570,2437,56,54;
456,936,9,73;
85,44,3,4;
1888,2283,77,63;
636,2635,65,22;
1985,922,53,32;
915,642,20,41;
792,936,88,64;
2049,286,62,3;
1669,1303,95,68;
4,961,21,96;
26,1251,69,98;
366,2514,13,32;
1677,1191,44,30;
618,2615,17,43;
679,2558,31,23;
1821,2371,61,57;
1581,1209,94,22;
1325,2277,50,71;
2450,86,54,6;
4,2156,18,93;
2576,493,66,73;
2411,475,74,10;
1939,773,68,10;
2235,87,42,5;
999,1756,64,76;
1786,174,88,5;
792,2031,82,42;
520,2051,51,83;
712,2418,79,83;
511,1746,8,94;
358,1016,21,31;
1379,2470,58,83;
2438,544,66,31;
456,2359,23,46;
2071,92,86,42;
1818,1377,79,61;
2143,955,68,32;
1776,1674,56,60;
1244,1652,43,31;
1766,2022,54,45;
493,2430,25,92;
2147,1989,88,61;
464,1608,11,63;
559,463,55,18;
846,588,90,54;
0,1652,3,94;
762,2280,14,63;
2226,1932,95,52;
1652,935,61,15;
579,290,100,46;
461,86,14,6;
103,2292,57,51;
187,2518,50,25;
270,1990,10,57;
712,2002,71,79;
2243,955,66,41;
264,2163,16,23;
130,2199,49,6;
559,411,56,52;
144,2220,42,43;
4,2431,22,38;
479,493,41,85;
1563,1416,40,36;
2530,92,96,81;
792,1647,86,79;
759,1919,27,69;
1897,1377,66,46;
999,1896,78,81;
2365,47,10,23;
0,597,2,84;
2455,392,62,13;
1379,2553,58,76;
462,1530,14,37;
892,1913,28,98;
1621,2491,37,42;
181,285,6,61;
219,2397,19,20;
2530,804,90,58;
1887,1674,88,48;
477,340,98,52;
1703,392,51,18;
2149,1640,72,33;
240,2277,22,47;
103,2220,41,72;
4,2337,10,94;
1786,184,98,5;
130,2166,46,33;
2439,92,91,66;
759,2192,27,59;
712,2375,40,43;
750,186,94,4;
187,2325,58,8;
425,2556,33,79;
2289,52,11,17;
379,340,98,71;
479,411,80,82;
369,42,2,21;
999,2233,65,100;
1538,91,46,1;
2484,955,62,45;
1473,1633,51,91;
892,2085,25,67;
1190,80,7,12;
1434,1009,32,59;
1047,2138,38,73;
282,416,97,95;
458,1975,18,51;
1914,985,47,20;
1662,1832,47,80;
1445,1701,27,86;
481,290,98,49;
2028,1674,70,84;
2157,151,88,32;
792,1947,100,84;
103,2343,25,75;
143,2108,30,14;
21,1350,5,62;
22,1542,4,68;
187,2543,51,34;
674,411,66,67;
478,190,97,82;
712,2132,76,60;
160,2292,23,39;
26,567,39,97;
4,2469,19,14;
256,2333,22,33;
651,92,99,97;
82,40,5,4;
1921,1047,61,18;
138,2651,32,12;
302,951,32,10;
14,84,16,1;
14,2337,12,42;
792,1768,82,51;
2338,1211,64,18;
462,1567,16,38;
451,746,26,19;
1444,1234,75,57;
574,493,75,95;
615,428,41,39;
4,573,7,98;
1234,2546,44,78;
1188,2618,39,43;
575,340,100,56;
51,1443,44,4;
14,377,10,96;
103,2166,27,54;
187,2333,32,85;
4,2277,16,60;
1273,79,3,13;
2347,92,92,61;
260,1971,22,16;
426,2419,46,36;
379,2495,61,22;
2248,130,91,52;
19,1917,6,46;
2043,88,40,4;
2,283,2,57;
760,1850,32,52;
712,1919,47,83;
1786,179,95,5;
999,1832,77,64;
2071,134,86,30;
275,490,7,81;
282,511,96,63;
1416,2032,39,92;
554,92,97,98;
1345,2481,32,45;
1765,1377,53,44;
1832,1674,55,71;
1243,986,78,21;
2211,955,32,47;
26,472,50,95;
2435,804,95,54;
792,1583,87,64;
2423,2071,87,61;
2006,1642,76,30;
1379,2382,73,88;
26,764,77,98;
103,2090,40,39;
219,2333,37,64;
615,411,59,17;
892,2011,27,74;
187,2516,75,2;
235,2262,42,11;
382,336,79,4;
712,2081,62,51;
272,42,97,40;
425,2635,36,24;
461,0,24,69;
750,92,96,94;
0,453,3,65;
792,1726,84,42;
892,2636,30,28;
999,1977,83,63;
1266,288,83,2;
2157,92,91,59;
2010,1377,54,60;
262,2277,20,41;
520,493,54,93;
234,2418,47,98;
1170,403,80,5;
1975,1674,53,65;
2309,955,53,54;
1775,155,8,34;
479,578,11,83;
2620,1596,38,63;
1967,2147,87,73;
1766,1760,55,94;
1545,1452,77,92;
103,2129,78,37;
143,2090,28,18;
379,2517,82,39;
2131,78,16,14;
2064,1377,31,54;
1884,162,89,27;
420,1953,38,21;
2248,92,99,38;
4,2249,17,28;
2381,392,66,18;
2416,955,68,30;
103,191,78,94;
187,2418,47,98;
712,2192,47,88;
792,1819,93,33;
2443,9,5,32;
1887,1722,84,35;
999,2138,48,95;
1227,30,2,16;
1473,1552,62,81;
1437,2470,35,81;
2098,1674,73,45;
1713,1849,52,87;
1156,989,74,15;
0,518,4,79;
2287,24,14,22;
282,574,97,67;
1662,1912,41,83;
81,53,5,4;
1266,268,100,18;
1888,2586,73,60;
1403,1009,31,56;
128,2367,46,18;
187,582,90,45;
379,2556,46,95;
0,681,3,82;
2335,838,93,27;
4,2607,13,49;
3,188,1,93;
1473,1452,72,100;
712,2280,50,95;
469,92,85,96;
999,2040,75,98;
103,2573,74,11;
1713,1760,53,89;
14,2523,9,35;
1472,89,37,3;
288,2444,34,16;
251,1953,27,17;
1422,1874,51,76;
1963,1377,47,72;
88,377,15,90;
245,2027,21,40;
2282,397,61,13;
2626,92,29,94;
426,2455,50,37;
1662,1768,49,64;
1713,2573,45,62;
792,1852,85,95;
2145,2157,51,88;
250,1990,15,36;
130,2205,47,7;
152,2496,35,77;
2362,955,54,49;
103,1994,81,5;
2623,56,34,28;
379,2224,42,98;
409,2142,67,56;
2176,1184,55,39;
2081,1303,46,40;
1620,89,51,3;
1755,1596,66,55;
2547,411,43,77;
2430,9,8,46;
4,1828,17,89;
712,1698,36,76;
1999,86,34,5;
2417,61,32,7;
2212,493,80,91;
1688,150,95,5;
176,2166,10,30;
1597,136,91,41;
2623,340,32,50;
2071,804,86,47;
394,1859,46,21;
2068,1849,75,29;
2343,1043,53,24;
2543,1849,67,28;
1786,92,98,71;
1765,1197,62,35;
2145,1817,57,32;
1265,783,91,18;
520,1689,44,93;
1821,2428,63,33;
1170,395,95,8;
792,1270,86,85;
0,763,3,79;
82,2417,18,55;
187,808,64,60;
674,190,100,13;
379,2056,72,86;
2071,164,68,18;
2490,411,57,80;
971,397,65,14;
128,2396,28,17;
2455,340,73,52;
138,2584,34,41;
2411,437,70,38;
792,1198,95,72;
520,1603,45,86;
712,1595,70,53;
1708,334,54,6;
2019,1149,72,80;
1475,1377,88,75;
2513,73,13,19;
2118,493,94,89;
1379,1540,59,77;
526,40,22,6;
457,1786,20,92;
479,2102,33,87;
636,878,70,100;
2347,153,91,19;
1764,1303,76,48;
2248,182,92,7;
1188,1596,56,89;
1887,804,100,35;
1570,2568,63,69;
712,684,83,99;
1369,88,45,2;
1914,89,52,3;
1977,92,94,75;
103,2004,83,86;
1069,82,20,10;
712,1825,80,25;
2269,1149,69,67;
13,1917,6,73;
379,2419,47,76;
0,366,3,87;
4,2107,19,49;
2438,493,70,51;
457,1696,19,65;
2244,804,91,42;
1569,1342,71,29;
1786,163,90,11;
1188,1964,74,89;
578,36,6,9;
125,91,24,1;
413,2359,43,38;
2528,399,91,10;
490,578,26,39;
748,1698,38,69;
520,1944,44,38;
479,2358,37,72;
333,2356,46,8;
1887,839,94,26;
368,2166,7,41;
1239,1772,28,91;
792,1435,94,72;
2539,1544,94,25;
749,1648,18,40;
2623,0,26,56;
2390,61,27,27;
1597,111,91,25;
465,1452,10,56;
1620,396,55,9;
2378,493,60,80;
421,2291,57,24;
2531,84,72,8;
379,2359,34,60;
103,1928,67,66;
2292,519,79,54;
2358,47,7,29;
520,1872,46,72;
1688,92,98,58;
479,2282,32,76;
1856,461,35,29;
574,684,58,96;
999,1009,98,59;
1156,955,87,34;
2091,1149,85,68;
2026,397,90,10;
1412,1617,59,76;
2590,442,68,42;
336,2009,40,18;
922,1900,55,85;
2103,480,58,13;
2330,234,12,31;
1188,1685,98,87;
2346,313,22,16;
1379,1701,66,91;
1840,1344,93,22;
1933,1303,77,73;
103,1999,78,5;
421,2224,51,67;
379,2322,71,37;
451,2056,27,86;
2292,493,86,26;
2649,0,10,55;
4,1917,9,95;
2623,390,31,20;
636,978,68,99;
1688,155,87,30;
1267,79,6,13;
2590,411,41,31;
1884,92,93,70;
2270,290,10,34;
1987,804,84,33;
712,1648,37,50;
520,1782,50,90;
409,2198,63,21;
1721,1191,41,37;
2176,1149,93,35;
1318,2618,56,44;
1616,2304,46,45;
1597,177,89,12;
1821,1596,50,46;
479,2189,29,93;
2010,1303,71,63;
1379,1792,77,82;
1188,1772,51,97;
2451,1122,49,27;
26,2647,50,13;
1662,1674,51,94;
0,283,2,83;
4,2012,22,95;
187,2277,53,48;
2528,340,95,59;
249,2207,30,25;
2508,493,68,57;
60,85,9,7;
675,400,55,9;
240,1676,35,16;
4,671,14,100;
2,188,1,93;
18,1730,8,71;
833,90,45,2;
379,2142,30,82;
2157,804,87,55;
1902,67,8,24;
2417,68,25,16;
1840,1303,93,41;
792,1355,85,80;
712,1774,70,51;
502,929,18,45;
2438,9,5,33;
1188,1869,57,95;
65,567,25,97;
1074,2040,17,94;
479,2430,14,95;
26,664,49,100;
2280,475,57,10;
282,340,97,76;
2454,332,70,8;
1379,1617,33,84;
1248,1409,39,89;
520,1982,49,69;
2212,0,89,24;
390,0,71,77;
2381,340,74,52;
2347,367,29,35;
